-5.8698
-5.8986
-5.9487
-6.0192
-6.1107
-6.2367
-6.3943
-6.5719
-6.7794
-7.0339
-7.3087
-7.6366
-7.9642
-8.3927
-8.8892
-9.4501
-10.021
-10.645
-11.348
-12.204
-13.118
-14.087
-15.245
-16.324
-17.514
-18.554
-19.449
-19.929
-19.913
-19.54
-19.127
-18.918
-18.986
-19.276
-19.581
-19.598
-19.16
-18.257
-17.248
-16.091
-15.028
-13.897
-12.837
-11.861
-10.948
-10.223
-9.5365
-8.9459
-8.3901
-7.8685
-7.4195
-7.0225
-6.663
-6.3487
-6.0638
-5.7934
-5.5538
-5.3331
-5.1378
-4.9688
-4.8186
-4.6856
-4.5798
-4.4948
-4.4211
-4.3606
-4.3147
-4.2824
-4.2654
